  -9.6654873e-01  -1.1861197e+00  -5.7349210e-01
  -1.0388701e+00  -1.3191204e+00  -8.2128777e-01
  -9.6293339e-01  -1.3267920e+00  -9.8186894e-01
  -7.3348203e-01  -1.2314498e+00  -1.0189029e+00
  -2.6017250e-01  -8.8148933e-01  -6.4812248e-01
  -6.6892199e-02  -6.9339720e-01  -2.8198801e-01
  -5.0300936e-01  -1.0266307e+00  -4.5029123e-01
  -1.0135255e+00  -1.4244682e+00  -7.8444594e-01
  -1.1410006e+00  -1.4749510e+00  -8.2555715e-01
  -1.0479292e+00  -1.3327034e+00  -6.6667211e-01
  -1.0277140e+00  -1.2752099e+00  -5.1282869e-01
  -1.5335084e+00  -1.7480582e+00  -8.1503960e-01
  -2.6274012e+00  -2.8359416e+00  -1.8128769e+00
  -3.3308481e+00  -3.5766301e+00  -2.6338738e+00
  -2.9422475e+00  -3.2106526e+00  -2.4253373e+00
  -2.0285730e+00  -2.2186225e+00  -1.5934783e+00
  -1.3281579e+00  -1.3631193e+00  -8.9358412e-01
  -1.0283590e+00  -9.3783050e-01  -5.2903907e-01
  -1.1597750e+00  -1.0054488e+00  -4.9940168e-01
  -1.5316987e+00  -1.3307215e+00  -6.9838953e-01
  -1.6088593e+00  -1.3345981e+00  -6.5963020e-01
  -1.2975372e+00  -9.4998179e-01  -2.3042852e-01
  -1.2194879e+00  -9.1909895e-01  -8.4109089e-02
  -1.5832344e+00  -1.4571100e+00  -5.3384424e-01
  -1.8331698e+00  -1.7697892e+00  -8.7948818e-01
  -1.6910863e+00  -1.4598138e+00  -7.2240491e-01
  -1.2640665e+00  -8.9582388e-01  -3.9344057e-01
  -5.9203244e-01  -3.3735011e-01  -6.1517727e-02
  -3.8820353e-02   1.3656534e-02   1.7821667e-01
  -4.0253839e-02  -6.1203635e-02   1.1659610e-01
  -3.5867044e-01  -3.1997280e-01  -7.0989937e-02
  -6.1395679e-01  -4.3409398e-01  -8.8034365e-02
  -8.0332137e-01  -4.5215454e-01   7.9449399e-03
  -8.3833552e-01  -3.8418029e-01   1.6094775e-01
  -6.5771810e-01  -1.9636880e-01   3.7085427e-01
  -5.5338132e-01  -1.4278580e-01   3.7777254e-01
  -5.4551361e-01  -2.6086687e-01   1.5966615e-01
  -2.2841674e-01  -1.1859956e-01   2.3820448e-01
   3.0516467e-01   3.3937153e-01   7.3661331e-01
   4.8735919e-01   5.9948784e-01   1.0485838e+00
   3.9735638e-01   5.8431393e-01   9.8335165e-01
   5.0291551e-01   6.3751371e-01   9.3081364e-01
   5.8324129e-01   6.0243038e-01   8.3615609e-01
   4.3163430e-01   3.9596093e-01   6.4972559e-01
   5.9568918e-01   6.3225331e-01   9.7767897e-01
   1.1300820e+00   1.3149631e+00   1.7602808e+00
   1.2725945e+00   1.5434513e+00   2.0084055e+00
   9.5007341e-01   1.1995013e+00   1.6097173e+00
   7.3724455e-01   9.3351513e-01   1.2837844e+00
   6.7106538e-01   7.8935999e-01   1.1104758e+00
   6.1077757e-01   5.9990101e-01   9.1605568e-01
   7.1174268e-01   6.4417486e-01   9.2848052e-01
   8.4458826e-01   8.7995157e-01   1.0697205e+00
   7.4771723e-01   8.8395505e-01   9.8410869e-01
   6.3084874e-01   7.1641333e-01   8.2167912e-01
   6.7278162e-01   6.4302426e-01   7.8297969e-01
   7.1004108e-01   6.4924101e-01   7.3938000e-01
   7.9721730e-01   8.5177824e-01   9.1440684e-01
   8.6245252e-01   1.1448660e+00   1.3159366e+00
   4.5983231e-01   9.1719069e-01   1.1774862e+00
  -1.1897213e-01   3.1170792e-01   5.5106867e-01
  -7.4739146e-02   2.1461146e-01   4.4629856e-01
   4.4751675e-01   6.3854068e-01   9.0750612e-01
   7.9803222e-01   9.1859678e-01   1.2195514e+00
   8.4493570e-01   8.7754336e-01   1.1998646e+00
   6.5605504e-01   6.5697673e-01   9.2901194e-01
   3.8808781e-01   4.3991028e-01   5.4031083e-01
   4.9374669e-01   5.6835546e-01   4.9235731e-01
   1.0045235e+00   1.0182733e+00   9.2317201e-01
   1.2010413e+00   1.1339002e+00   1.1621811e+00
   7.5443096e-01   6.2558359e-01   7.4808637e-01
   2.2193328e-01   5.8328221e-02   1.7702775e-01
   3.0017128e-02  -1.3225629e-01  -1.3750579e-02
   1.1685962e-01  -5.0272664e-02   9.8392214e-02
   3.3495157e-01   1.2873654e-01   2.5746567e-01
   3.4814504e-01   1.4050452e-01   2.3928669e-01
  -3.0443715e-02  -1.4659265e-01   1.0371398e-02
  -2.5968796e-01  -2.7269787e-01  -3.4935735e-02
   5.7611636e-02   8.4368802e-02   3.0000968e-01
   4.0828558e-01   4.5941458e-01   5.4921450e-01
   4.2033110e-01   4.6964228e-01   4.3349786e-01
   3.3800329e-01   2.7229825e-01   2.1464579e-01
   1.3058926e-01  -9.9734491e-02  -9.6137419e-02
  -2.7933697e-01  -6.0575358e-01  -6.0317290e-01
  -3.2424940e-01  -7.1043086e-01  -8.4324088e-01
   2.1198661e-01  -2.4172641e-01  -5.4134249e-01
   4.5084619e-01  -2.1915217e-02  -4.0572535e-01
  -8.0199541e-02  -4.9560986e-01  -8.9255192e-01
  -6.4548170e-01  -9.7432184e-01  -1.3351226e+00
  -7.5422387e-01  -9.9606772e-01  -1.2466191e+00
  -5.7561587e-01  -7.1745628e-01  -7.8339295e-01
  -2.6332915e-01  -2.9985094e-01  -1.4823732e-01
  -2.0185386e-01  -1.5558802e-01   1.4003465e-01
  -5.9088167e-01  -4.9715411e-01  -2.2627051e-01
  -8.3783767e-01  -7.3073324e-01  -6.1271387e-01
  -6.2487880e-01  -5.1645597e-01  -5.5265459e-01
  -4.0321571e-01  -2.9487062e-01  -3.5348760e-01
  -3.4852801e-01  -2.3959271e-01  -1.5512299e-01
  -2.6793254e-01  -9.7134297e-02   1.3329346e-01
  -2.9237127e-01  -2.8499469e-03   2.1976328e-01
  -4.6589163e-01  -1.4524054e-01  -4.2176559e-02
  -3.1596215e-01  -6.8485812e-02  -7.8967064e-02
   2.3180586e-01   4.6344902e-01   4.3054459e-01
   5.2356028e-01   8.2115445e-01   8.7389731e-01
   3.9911716e-01   7.4795107e-01   9.0839077e-01
   2.7535794e-01   6.9429819e-01   8.9953285e-01
   1.6486413e-01   7.1556939e-01   9.0058526e-01
   1.1966616e-01   7.6609054e-01   9.0618943e-01
   4.6673281e-01   1.1124068e+00   1.2513804e+00
   8.7796544e-01   1.4785574e+00   1.6813890e+00
   7.9367839e-01   1.3260002e+00   1.5642489e+00
   4.4985120e-01   8.7709937e-01   1.0664962e+00
   3.2293559e-01   6.6754247e-01   8.1739288e-01
   4.5936983e-01   7.9461367e-01   1.0244893e+00
   7.1004296e-01   1.0511144e+00   1.4429415e+00
   8.1326809e-01   1.1482723e+00   1.6250417e+00
   5.8529883e-01   9.4001415e-01   1.3534775e+00
   3.7566240e-01   7.0927263e-01   1.0036065e+00
   6.4196035e-01   8.3919474e-01   1.0603974e+00
   1.0832612e+00   1.1233489e+00   1.3563607e+00
   1.1137740e+00   1.0557852e+00   1.4009804e+00
   8.5717619e-01   7.0334220e-01   1.2264077e+00
   5.7092995e-01   3.3366638e-01   1.0011121e+00
   5.8504242e-02  -1.7207732e-01   5.4884492e-01
  -4.3137835e-01  -6.2004710e-01   1.1479190e-01
  -3.4706487e-01  -5.3471445e-01   2.1214469e-01
  -4.9623228e-02  -2.0631259e-01   5.1231903e-01
  -1.3621153e-01  -1.7289077e-01   4.7447347e-01
  -4.4046228e-01  -3.3797955e-01   2.5123479e-01
  -8.1085158e-01  -6.3247820e-01  -6.3075655e-02
  -1.2690622e+00  -1.1075649e+00  -5.5769402e-01
  -1.3363533e+00  -1.2431174e+00  -7.3081919e-01
  -8.4851671e-01  -8.0693896e-01  -3.1455929e-01
  -6.5844499e-01  -7.0589871e-01  -2.3853473e-01
  -1.1631432e+00  -1.3680612e+00  -9.8504527e-01
  -1.5899450e+00  -1.8638718e+00  -1.5814406e+00
  -1.6056568e+00  -1.8333059e+00  -1.6050516e+00
  -1.6270675e+00  -1.8357659e+00  -1.6122603e+00
  -1.6060052e+00  -1.7661383e+00  -1.5103603e+00
  -1.5135103e+00  -1.5115350e+00  -1.2052296e+00
  -1.8389153e+00  -1.7349418e+00  -1.3833155e+00
  -2.2724003e+00  -2.2486706e+00  -1.8548057e+00
  -1.9450961e+00  -2.0486221e+00  -1.5831742e+00
  -1.1870885e+00  -1.3303796e+00  -8.0869992e-01
  -8.9951435e-01  -1.0107796e+00  -5.5587010e-01
  -1.1144243e+00  -1.1550129e+00  -8.2006499e-01
  -1.5924320e+00  -1.5482043e+00  -1.2291513e+00
  -2.3796122e+00  -2.3231671e+00  -1.9741145e+00
  -3.1814297e+00  -3.1693152e+00  -2.8555964e+00
  -3.5020108e+00  -3.4433261e+00  -3.1278455e+00
  -3.4654917e+00  -3.3002872e+00  -2.8438195e+00
  -3.4374716e+00  -3.2656792e+00  -2.6694920e+00
  -3.3643252e+00  -3.2594490e+00  -2.7186780e+00
  -3.1993155e+00  -3.1354689e+00  -2.8660287e+00
  -2.8297582e+00  -2.7997658e+00  -2.8709969e+00
  -1.9329622e+00  -1.9545144e+00  -2.2130702e+00
  -9.6825623e-01  -1.0672534e+00  -1.2576754e+00
  -7.0792129e-01  -9.4234778e-01  -9.7590979e-01
  -7.9838400e-01  -1.1677414e+00  -1.1789094e+00
  -6.4300028e-01  -1.0348787e+00  -1.1214155e+00
  -4.4875684e-01  -7.7259780e-01  -8.3721986e-01
  -3.2031206e-01  -5.9665751e-01  -5.0647887e-01
  -1.1815612e-01  -3.7553766e-01  -1.1494327e-01
  -1.9615562e-01  -4.0498043e-01  -5.3661195e-02
  -6.0564353e-01  -8.0512833e-01  -4.7076934e-01
  -5.5272409e-01  -8.7656073e-01  -6.1191053e-01
   1.1628790e-02  -4.6187191e-01  -2.5119662e-01
   1.2679568e-01  -4.0213827e-01  -2.6195477e-01
  -2.3536386e-01  -7.9273606e-01  -7.6669946e-01
  -4.0002855e-01  -9.7681019e-01  -1.0025860e+00
  -4.5035423e-01  -9.7299842e-01  -9.0370305e-01
  -5.2304536e-01  -9.6927638e-01  -7.3523407e-01
  -3.7194400e-01  -7.6006046e-01  -3.8180494e-01
  -2.0753988e-01  -5.4551235e-01  -7.4196997e-02
  -3.0680441e-01  -6.7146528e-01  -2.1285357e-01
  -3.7928406e-01  -7.9889843e-01  -4.2624736e-01
  -2.9779874e-01  -6.1340855e-01  -2.5344109e-01
  -2.8998010e-01  -3.8998986e-01   6.2574703e-02
  -1.7824623e-01  -1.7417595e-01   3.7348448e-01
   2.3095391e-01   1.9438860e-01   7.7499307e-01
   4.0792444e-01   2.9245836e-01   8.5337290e-01
   2.9496145e-02  -1.5228819e-01   3.7609094e-01
  -2.7150220e-01  -4.8833655e-01   4.2228280e-02
  -1.1198648e-01  -3.1583425e-01   2.3174487e-01
   8.1524496e-02  -9.6157609e-02   4.0043595e-01
   1.6138840e-01  -1.7371506e-02   3.7483970e-01
   2.5842007e-01   8.8545141e-02   4.0999252e-01
   1.5310002e-01   1.8725465e-02   3.0526759e-01
  -5.4227520e-03  -1.2584518e-01   1.1775898e-01
   2.6879824e-01   1.8337230e-01   3.3984029e-01
   6.5654460e-01   7.0619947e-01   6.8766820e-01
   7.1402052e-01   8.9934699e-01   6.8976039e-01
   7.6388034e-01   9.3528412e-01   6.8702127e-01
   8.5264423e-01   9.0785453e-01   7.5638631e-01
   6.4153653e-01   6.0172158e-01   5.5241068e-01
   4.9435378e-01   4.0808503e-01   4.7946953e-01
   8.4107221e-01   7.4709301e-01   9.4015650e-01
   1.1634827e+00   1.0758324e+00   1.2444929e+00
   9.8610327e-01   8.7728383e-01   8.8015782e-01
   6.3073992e-01   4.8759687e-01   3.7469672e-01
   3.5700453e-01   2.0355415e-01   1.0915657e-01
   3.2125073e-01   1.3208152e-01   6.9927136e-02
   8.7664652e-01   5.6020951e-01   4.2593661e-01
   1.5833642e+00   1.1012390e+00   8.3472600e-01
   1.4977540e+00   9.0480822e-01   5.6464548e-01
   8.9868286e-01   2.8507330e-01  -2.3381319e-02
   7.4807219e-01   2.0637759e-01  -2.1341901e-02
   1.0054494e+00   5.5079410e-01   3.7378459e-01
   1.1468582e+00   6.8956946e-01   5.2313959e-01
   1.1313811e+00   6.5640609e-01   5.1487518e-01
   9.5592928e-01   5.8896039e-01   5.3540667e-01
   6.1770946e-01   4.1298185e-01   4.7405073e-01
   6.0055265e-01   4.6180302e-01   5.6534461e-01
   1.0774987e+00   9.3379973e-01   1.0004522e+00
   1.2471795e+00   1.1176377e+00   1.1716387e+00
   7.7587216e-01   6.5680405e-01   7.6704841e-01
   4.2544391e-01   2.9495845e-01   4.6918842e-01
   4.3521509e-01   3.2979221e-01   5.3677342e-01
   4.4938486e-01   3.6889879e-01   6.0477579e-01
   6.0817438e-01   4.7305841e-01   7.6288257e-01
   7.8788010e-01   5.7304008e-01   9.5047704e-01
   3.7888888e-01   1.2369666e-01   5.8930698e-01
  -3.4798417e-01  -6.0963055e-01  -1.1499682e-01
  -6.1140529e-01  -8.1980440e-01  -3.4400866e-01
  -4.8462632e-01  -5.7103171e-01  -9.1650798e-02
  -3.9661167e-01  -3.8009714e-01   1.5517161e-01
  -3.6799335e-01  -3.5700263e-01   2.4385473e-01
  -4.8766942e-01  -5.8663245e-01   3.5828475e-02
  -8.9865817e-01  -1.1400374e+00  -5.1846157e-01
  -1.2165826e+00  -1.5397343e+00  -9.0387963e-01
  -1.1576048e+00  -1.4490445e+00  -8.2263263e-01
  -1.0820096e+00  -1.2717606e+00  -7.0064210e-01
  -1.0923495e+00  -1.1789364e+00  -6.5633077e-01
  -1.0288816e+00  -1.0366798e+00  -5.3944553e-01
  -1.1562281e+00  -1.1609723e+00  -6.8962282e-01
  -1.3780457e+00  -1.5000142e+00  -1.0289601e+00
  -1.0780062e+00  -1.3546345e+00  -8.3601991e-01
  -4.7625063e-01  -8.2558257e-01  -2.7071997e-01
  -3.3325489e-01  -6.7019296e-01  -1.7113615e-01
  -5.2475607e-01  -8.2718648e-01  -4.6882645e-01
  -5.9514715e-01  -8.5963447e-01  -6.1605755e-01
  -6.6853784e-01  -8.6241893e-01  -6.2159805e-01
  -7.9215873e-01  -8.8069963e-01  -5.3808104e-01
  -7.6941162e-01  -7.8576133e-01  -2.7001331e-01
  -8.2048719e-01  -8.4664834e-01  -1.5961141e-01
  -1.2025497e+00  -1.2487848e+00  -4.6214926e-01
  -1.5386598e+00  -1.5045465e+00  -6.4060891e-01
  -1.4826962e+00  -1.2994390e+00  -3.4347574e-01
  -1.3212700e+00  -1.0806385e+00  -7.3045567e-02
  -1.2611627e+00  -1.1167550e+00  -1.2403577e-01
  -1.1554222e+00  -1.1385917e+00  -2.2892127e-01
  -1.0452679e+00  -1.0512958e+00  -2.6175406e-01
  -1.0112629e+00  -9.5186826e-01  -2.3182723e-01
  -9.2338476e-01  -8.3618186e-01  -1.0902926e-01
  -8.3514962e-01  -8.1458448e-01  -5.3632731e-02
  -9.0082628e-01  -9.7301267e-01  -1.8273043e-01
